C:= Matrix(Integers(), 17, 17, [ 0, 0, -1, 0, 0, 0, 0, 0, 1, 0, 0, 0, 1, -1, -1, -1, -1, 1, -1, -1, 0, 0, 0, 1, -1, 0, 0, 0, 0, -1, 0, 0, 0, -1, 0, 0, -1, 1, 0, 0, 0, 2, 0, -1, 0, -1, -1, 0, 0, -1, -1, 0, 0, 0, 0, 0, 1, 0, 0, -1, 0, 0, -1, -1, 0, -1, 1, -1, 0, -1, 0, -1, 0, 0, 0, 0, 0, 0, 0, 0, 0, -1, 0, -1, -1, -1, -1, 0, 0, 0, 1, 0, 0, 0, -1, 0, 0, 0, 1, 0, -1, -1, -1, -1, 0, 1, -1, 0, 0, 0, -1, 2, 0, 0, 0, 0, -1, 0, -1, 0, 0, 0, 0, 0, 0, -1, 0, 0, 1, 0, 0, -1, 0, 0, -1, -1, 0, 0, 1, 0, -1, 0, -1, 0, -1, 0, -1, 0, 0, 0, 0, 0, -1, 0, 0, 0, 0, 0, 0, 0, -1, 0, -1, 0, -1, 0, 0, 0, 0, -1, -1, 0, 0, -1, 0, 0, 0, 0, 2, -1, -1, 0, 0, 0, 0, 0, -1, -1, 0, -1, 0, 1, 0, 0, 0, 0, 0, 0, 0, -1, 0, -1, 0, -1, 0, 0, 0, -1, 0, 0, 0, -1, -1, 0, 0, 0, -1, 2, 0, 0, -1, 0, -1, 0, 0, 0, 0, 0, 1, 0, 0, -1, 0, 0, 0, -1, 0, -1, 0, 1, -1, 0, 0, 0, -1, 0, 0, -1, 0, 0, 0, -1, 0, 1, -1, -1, 0, 0, 0, -1, 0, 1, 0, 0, 0, 1, -1, 0, 0, 0, -1, -1, 2, 0, 0, -1, 0, 0, -1, 0, 0, 0, 0, -1, 0, 0, -1, 0, -1]);
Csp:=SparseMatrix(Integers(), 17, 17, ElementToSequence(C)) ;
Cmod:=function(C, p)
	Cm:=Matrix(Integers(p), 17, 17, []);
	i:=0;
	while i lt 17 do
		i:=i+1;
		j:=0;
		while j lt 17 do
			j:=j+1;
			Cm[i,j]:=C[i,j] mod p;
		end while;
	end while;
	return Cm;
end function;

C5:=Cmod(C, 5);// invertible
C17:=Cmod(C, 17);
C257:=Cmod(C, 257);